013
014
108
102
100
095
080
034
130
129
098
039
128
086
093
083
127
125
071
040
041
084
078
134
089
135
099
026
090
072
106
105
042
027
138
110
079
116
043
136
087
028
029
044
045
112
046
104
035
036
137
094
085
096
003
077
103
123
117
111
120
015
016
017
018
019
020
021
022
091
088
023
101
047
048
049
037
030
119
114
097
073
122
038
126
131
092
082
121
109
107
058
031
032
076
139
132
070
024
074
081
033
075
133
115
113
124
118
064
061
005
004
054
055
063
062
006
007
008
009
010
011
012
060
050
051
052
053
025
056
059
065
069
002
067
057
066
068
